1111111111111111111111111
2222222222222222222222222
33333333333333333333333333333333
4444444444444444444444444
555555555555
666666666666666666666666
77777777777
888888
88
999999999999999999999999999
1111111111111111111111111
2222222222222222222222222
33333333333333333333333333333333
4444444444444444444444444
555555555555
666666666666666666666666
77777777777
888888
88
999999999999999999999999999
1111111111111111111111111
2222222222222222222222222
33333333333333333333333333333333
4444444444444444444444444
555555555555
666666666666666666666666
77777777777
888888
88
999999999999999999999999999
1111111111111111111111111
2222222222222222222222222
33333333333333333333333333333333
4444444444444444444444444
555555555555
666666666666666666666666
77777777777
888888
88
999999999999999999999999999
1111111111111111111111111
2222222222222222222222222
33333333333333333333333333333333
4444444444444444444444444
555555555555
666666666666666666666666
77777777777
888888
88
999999999999999999999999999
1111111111111111111111111
2222222222222222222222222
33333333333333333333333333333333
4444444444444444444444444
555555555555
666666666666666666666666
77777777777
888888
88
999999999999999999999999999
